Time,X,Y,Z,Displacement [mm]
2026-02-06T16:08:45.565,       0.00,        0.00,        0.00,       0.00
2026-02-06T16:08:46.078,       0.00,        0.02,        0.02,       0.03
2026-02-06T16:08:46.595,       0.01,        0.03,        0.01,       0.03
2026-02-06T16:08:47.109,       0.00,        0.02,        0.05,       0.05
2026-02-06T16:08:47.628,      -0.00,        0.04,        0.11,       0.11
2026-02-06T16:08:48.175,      -0.00,        0.04,        0.07,       0.08
2026-02-06T16:08:48.692,       0.01,        0.05,        0.06,       0.08
2026-02-06T16:08:49.210,       0.02,        0.02,       -0.01,       0.03
2026-02-06T16:08:49.726,       0.01,        0.03,       -0.01,       0.03
2026-02-06T16:08:50.243,      -0.00,        0.04,        0.05,       0.06
2026-02-06T16:08:50.756,       0.01,        0.01,        0.02,       0.02
2026-02-06T16:08:51.272,      -0.00,        0.02,        0.10,       0.11
2026-02-06T16:08:51.775,       0.01,        0.04,        0.07,       0.08
2026-02-06T16:08:52.291,       0.00,        0.03,        0.02,       0.03
2026-02-06T16:08:52.804,       0.02,        0.02,        0.03,       0.04
2026-02-06T16:08:53.319,       0.02,        0.03,        0.04,       0.05
2026-02-06T16:08:53.836,       0.01,        0.02,        0.03,       0.04
2026-02-06T16:08:54.338,       0.01,        0.01,        0.03,       0.03
2026-02-06T16:08:54.851,       0.00,        0.01,        0.05,       0.05
2026-02-06T16:08:55.367,       0.00,        0.05,        0.11,       0.12
2026-02-06T16:08:55.884,       0.01,        0.05,        0.09,       0.11
2026-02-06T16:08:56.403,       0.00,        0.02,        0.06,       0.06
2026-02-06T16:08:56.918,       0.00,        0.02,        0.04,       0.04
2026-02-06T16:08:57.465,      -0.00,        0.03,        0.02,       0.04
2026-02-06T16:08:57.986,       0.01,        0.02,        0.03,       0.04
2026-02-06T16:08:58.501,      -0.01,        0.01,        0.02,       0.03
2026-02-06T16:08:59.014,      -0.00,        0.02,        0.04,       0.04
2026-02-06T16:08:59.530,       0.01,        0.04,        0.04,       0.05
2026-02-06T16:09:00.032,       0.01,        0.03,        0.03,       0.04
2026-02-06T16:09:00.547,       0.02,        0.03,        0.02,       0.04
2026-02-06T16:09:01.061,      -0.00,        0.01,        0.05,       0.05
2026-02-06T16:09:01.578,      -0.00,        0.01,        0.06,       0.06
2026-02-06T16:09:02.081,       0.00,        0.03,        0.05,       0.06
2026-02-06T16:09:02.596,       0.01,        0.03,        0.04,       0.05
2026-02-06T16:09:03.109,       0.01,        0.02,        0.04,       0.05
2026-02-06T16:09:03.626,      -0.00,        0.03,        0.09,       0.09
2026-02-06T16:09:04.128,      -0.00,        0.02,        0.08,       0.09
2026-02-06T16:09:04.641,       0.01,        0.01,        0.02,       0.03
2026-02-06T16:09:05.157,       0.00,        0.01,        0.05,       0.05
2026-02-06T16:09:05.674,       0.01,        0.03,        0.06,       0.07
2026-02-06T16:09:06.177,       0.01,        0.04,        0.07,       0.08
2026-02-06T16:09:06.689,       0.01,        0.02,        0.06,       0.06
2026-02-06T16:09:07.205,      -0.00,        0.04,        0.11,       0.12
2026-02-06T16:09:07.721,       0.00,        0.03,        0.09,       0.09
2026-02-06T16:09:08.223,       0.01,        0.02,        0.03,       0.04
2026-02-06T16:09:08.736,      -0.00,        0.01,        0.01,       0.02
2026-02-06T16:09:09.252,       0.00,        0.03,        0.06,       0.06
2026-02-06T16:09:09.769,       0.00,        0.03,        0.08,       0.08
2026-02-06T16:09:10.271,       0.01,        0.03,        0.06,       0.07
2026-02-06T16:09:10.784,       0.00,        0.03,        0.11,       0.11
2026-02-06T16:09:11.300,       0.01,        0.01,        0.04,       0.05
2026-02-06T16:09:11.817,       0.00,       -0.00,        0.01,       0.01
2026-02-06T16:09:12.336,       0.01,        0.00,        0.07,       0.07
2026-02-06T16:09:12.851,       0.01,        0.02,        0.05,       0.06
2026-02-06T16:09:13.398,       0.02,        0.05,        0.10,       0.12
2026-02-06T16:09:13.914,       0.01,        0.04,        0.05,       0.06
2026-02-06T16:09:14.432,       0.02,       -0.00,        0.02,       0.03
2026-02-06T16:09:14.948,       0.01,        0.01,        0.07,       0.07
2026-02-06T16:09:15.463,       0.02,       -0.00,        0.04,       0.05
2026-02-06T16:09:16.015,       0.01,        0.04,        0.06,       0.08
2026-02-06T16:09:16.530,       0.01,        0.02,        0.04,       0.05
2026-02-06T16:09:17.044,      -0.00,       -0.05,        0.02,       0.05
2026-02-06T16:09:17.561,       0.02,       -0.19,       -0.04,       0.19
2026-02-06T16:09:18.076,       0.01,       -0.22,        0.07,       0.23
2026-02-06T16:09:18.576,      -0.01,       -0.39,        0.03,       0.39
2026-02-06T16:09:19.092,       0.00,       -0.46,        0.01,       0.46
2026-02-06T16:09:19.609,       0.02,       -0.52,        0.02,       0.52
2026-02-06T16:09:20.127,       0.01,       -0.64,        0.01,       0.64
2026-02-06T16:09:20.642,      -0.00,       -0.71,        0.02,       0.71
2026-02-06T16:09:21.159,       0.02,       -0.89,       -0.02,       0.89
2026-02-06T16:09:21.706,       0.00,       -0.93,       -0.04,       0.93
2026-02-06T16:09:22.224,       0.02,       -1.09,        0.01,       1.09
2026-02-06T16:09:22.740,       0.00,       -1.18,        0.02,       1.18
2026-02-06T16:09:23.255,       0.00,       -1.33,        0.08,       1.33
2026-02-06T16:09:23.820,       0.00,       -1.44,        0.04,       1.44
2026-02-06T16:09:24.323,       0.00,       -1.56,        0.07,       1.56
2026-02-06T16:09:24.835,       0.01,       -1.67,       -0.03,       1.67
2026-02-06T16:09:25.352,       0.01,       -1.77,        0.00,       1.77
2026-02-06T16:09:25.867,       0.01,       -1.87,        0.05,       1.87
2026-02-06T16:09:26.386,       0.01,       -1.94,       -0.02,       1.94
2026-02-06T16:09:26.933,       0.02,       -2.02,       -0.00,       2.02
2026-02-06T16:09:27.450,      -0.01,       -2.10,       -0.03,       2.10
2026-02-06T16:09:27.968,       0.01,       -2.15,       -0.04,       2.15
2026-02-06T16:09:28.484,      -0.02,       -2.15,        0.01,       2.15
2026-02-06T16:09:29.001,      -0.00,       -2.18,       -0.00,       2.18
2026-02-06T16:09:29.514,       0.00,       -2.32,       -0.00,       2.32
2026-02-06T16:09:30.030,       0.02,       -2.32,       -0.04,       2.32
2026-02-06T16:09:30.532,       0.01,       -2.39,        0.05,       2.39
2026-02-06T16:09:31.049,       0.00,       -2.48,        0.01,       2.48
2026-02-06T16:09:31.561,       0.00,       -2.51,        0.01,       2.51
2026-02-06T16:09:32.077,       0.00,       -2.52,        0.02,       2.52
2026-02-06T16:09:32.594,      -0.00,       -2.54,       -0.01,       2.54
2026-02-06T16:09:33.096,       0.01,       -2.54,        0.01,       2.54
2026-02-06T16:09:33.609,       0.00,       -2.52,       -0.02,       2.52
2026-02-06T16:09:34.125,       0.00,       -2.52,        0.02,       2.52
2026-02-06T16:09:34.642,       0.01,       -2.51,        0.03,       2.51
2026-02-06T16:09:35.160,       0.01,       -2.53,       -0.03,       2.53
2026-02-06T16:09:35.707,       0.01,       -2.52,        0.02,       2.52
2026-02-06T16:09:36.226,       0.01,       -2.55,       -0.01,       2.55
2026-02-06T16:09:36.743,       0.02,       -2.41,        0.01,       2.41
2026-02-06T16:09:37.258,      -0.00,       -2.29,       -0.04,       2.29
2026-02-06T16:09:37.771,       0.01,       -2.21,       -0.01,       2.21
2026-02-06T16:09:38.288,       0.01,       -2.10,       -0.09,       2.10
2026-02-06T16:09:38.790,       0.03,       -1.88,       -0.08,       1.88
2026-02-06T16:09:39.303,       0.01,       -1.78,       -0.09,       1.78
2026-02-06T16:09:39.819,       0.03,       -1.67,       -0.02,       1.67
2026-02-06T16:09:40.336,       0.02,       -1.51,        0.01,       1.51
2026-02-06T16:09:40.854,       0.02,       -1.35,       -0.04,       1.35
2026-02-06T16:09:41.370,       0.03,       -1.23,        0.02,       1.23
2026-02-06T16:09:41.938,       0.02,       -1.11,       -0.04,       1.11
2026-02-06T16:09:42.486,       0.01,       -0.99,        0.04,       0.99
2026-02-06T16:09:43.001,       0.03,       -0.89,        0.06,       0.89
2026-02-06T16:09:43.515,       0.04,       -0.82,       -0.02,       0.82
2026-02-06T16:09:44.032,       0.03,       -0.70,       -0.01,       0.70
2026-02-06T16:09:44.547,       0.03,       -0.54,        0.00,       0.55
2026-02-06T16:09:45.049,       0.02,       -0.56,       -0.01,       0.56
2026-02-06T16:09:45.563,       0.01,       -0.38,        0.06,       0.39
2026-02-06T16:09:46.079,       0.01,       -0.27,        0.06,       0.28
2026-02-06T16:09:46.595,      -0.00,       -0.15,        0.06,       0.16
2026-02-06T16:09:47.114,       0.01,       -0.05,        0.03,       0.06
2026-02-06T16:09:47.680,       0.02,        0.04,        0.05,       0.06
2026-02-06T16:09:48.227,       0.02,        0.03,        0.02,       0.04
2026-02-06T16:09:48.745,       0.01,        0.02,       -0.01,       0.03
2026-02-06T16:09:49.261,       0.01,        0.03,       -0.04,       0.05
2026-02-06T16:09:49.776,       0.01,        0.02,        0.01,       0.02
2026-02-06T16:09:50.291,       0.01,        0.03,        0.03,       0.05
2026-02-06T16:09:50.807,      -0.01,        0.02,        0.02,       0.03
2026-02-06T16:09:51.307,      -0.00,        0.03,        0.08,       0.08
2026-02-06T16:09:51.824,      -0.00,        0.02,        0.02,       0.03
2026-02-06T16:09:52.339,      -0.01,        0.04,        0.05,       0.07
2026-02-06T16:09:52.855,       0.01,        0.02,        0.04,       0.04
2026-02-06T16:09:53.375,       0.00,        0.01,       -0.01,       0.02
2026-02-06T16:09:53.889,       0.01,        0.01,        0.02,       0.03
2026-02-06T16:09:54.403,      -0.00,        0.03,        0.06,       0.07
2026-02-06T16:09:54.905,      -0.01,        0.02,        0.04,       0.05
2026-02-06T16:09:55.423,      -0.00,        0.04,        0.05,       0.07
2026-02-06T16:09:55.938,      -0.01,        0.02,        0.05,       0.05
2026-02-06T16:09:56.451,       0.01,        0.05,        0.03,       0.06
2026-02-06T16:09:56.968,       0.01,        0.02,        0.04,       0.04
2026-02-06T16:09:57.470,       0.01,        0.01,        0.02,       0.02
2026-02-06T16:09:57.986,       0.01,        0.03,        0.03,       0.04
2026-02-06T16:09:58.499,       0.00,        0.04,        0.05,       0.07
2026-02-06T16:09:59.016,       0.00,        0.01,        0.00,       0.01
2026-02-06T16:09:59.531,       0.01,        0.01,        0.05,       0.05
2026-02-06T16:10:00.050,       0.01,        0.03,        0.03,       0.05
2026-02-06T16:10:00.567,      -0.01,        0.02,        0.07,       0.07
2026-02-06T16:10:01.080,      -0.01,        0.03,        0.06,       0.06
2026-02-06T16:10:01.581,      -0.01,        0.04,        0.09,       0.10
2026-02-06T16:10:02.098,      -0.00,        0.02,       -0.01,       0.02
2026-02-06T16:10:02.614,       0.01,        0.03,        0.06,       0.06
2026-02-06T16:10:03.127,       0.00,        0.00,        0.02,       0.02
2026-02-06T16:10:03.643,      -0.00,        0.02,        0.07,       0.07
2026-02-06T16:10:04.160,       0.01,        0.01,        0.05,       0.05
2026-02-06T16:10:04.663,      -0.01,        0.04,        0.10,       0.11
2026-02-06T16:10:05.175,       0.00,        0.02,       -0.02,       0.03
2026-02-06T16:10:05.691,       0.01,        0.02,        0.03,       0.04
2026-02-06T16:10:06.208,       0.01,        0.03,        0.05,       0.06
2026-02-06T16:10:06.710,      -0.00,        0.02,        0.05,       0.06
2026-02-06T16:10:07.223,       0.00,        0.02,        0.05,       0.05
2026-02-06T16:10:07.739,       0.00,        0.04,        0.09,       0.10
2026-02-06T16:10:08.256,       0.01,        0.03,        0.06,       0.07
2026-02-06T16:10:08.774,       0.00,        0.02,        0.06,       0.07
2026-02-06T16:10:09.289,      -0.00,        0.01,        0.08,       0.08
2026-02-06T16:10:09.806,       0.01,        0.03,        0.05,       0.06
2026-02-06T16:10:10.319,       0.00,        0.00,        0.03,       0.03
2026-02-06T16:10:10.835,       0.02,        0.03,        0.07,       0.08
2026-02-06T16:10:11.352,       0.01,        0.03,        0.10,       0.10
2026-02-06T16:10:11.871,       0.02,        0.03,        0.05,       0.07
2026-02-06T16:10:12.384,       0.02,        0.01,        0.04,       0.04
2026-02-06T16:10:12.901,       0.02,        0.03,        0.06,       0.07
2026-02-06T16:10:13.416,       0.02,        0.03,        0.08,       0.09
2026-02-06T16:10:13.935,       0.00,        0.01,        0.01,       0.01
2026-02-06T16:10:14.453,       0.01,        0.04,        0.06,       0.07
2026-02-06T16:10:14.968,      -0.01,       -0.02,        0.13,       0.13
2026-02-06T16:10:15.481,       0.02,       -0.13,        0.04,       0.14
2026-02-06T16:10:15.982,       0.01,       -0.21,        0.04,       0.22
2026-02-06T16:10:16.499,       0.01,       -0.37,        0.00,       0.37
2026-02-06T16:10:17.014,      -0.00,       -0.41,        0.05,       0.41
2026-02-06T16:10:17.528,      -0.01,       -0.56,        0.01,       0.56
2026-02-06T16:10:18.045,       0.00,       -0.59,       -0.02,       0.59
2026-02-06T16:10:18.548,       0.02,       -0.69,        0.03,       0.69
2026-02-06T16:10:19.060,       0.03,       -0.77,        0.01,       0.77
2026-02-06T16:10:19.576,       0.03,       -0.87,       -0.03,       0.87
2026-02-06T16:10:20.093,       0.02,       -0.95,       -0.00,       0.95
2026-02-06T16:10:20.611,       0.02,       -1.06,        0.01,       1.07
2026-02-06T16:10:21.127,       0.01,       -1.14,       -0.00,       1.14
2026-02-06T16:10:21.644,       0.02,       -1.26,        0.04,       1.26
2026-02-06T16:10:22.190,       0.03,       -1.33,        0.02,       1.33
2026-02-06T16:10:22.708,       0.02,       -1.42,       -0.03,       1.42
2026-02-06T16:10:23.224,       0.01,       -1.44,        0.07,       1.45
2026-02-06T16:10:23.741,       0.02,       -1.53,        0.02,       1.53
2026-02-06T16:10:24.254,       0.02,       -1.62,       -0.03,       1.62
2026-02-06T16:10:24.770,       0.02,       -1.66,       -0.02,       1.66
2026-02-06T16:10:25.287,       0.00,       -1.73,        0.02,       1.73
2026-02-06T16:10:25.805,       0.01,       -1.81,       -0.01,       1.81
2026-02-06T16:10:26.319,       0.00,       -1.88,        0.01,       1.88
2026-02-06T16:10:26.836,      -0.01,       -1.94,        0.02,       1.94
2026-02-06T16:10:27.338,      -0.00,       -2.04,        0.04,       2.04
2026-02-06T16:10:27.853,      -0.00,       -2.05,       -0.03,       2.05
2026-02-06T16:10:28.367,       0.00,       -2.03,       -0.03,       2.03
2026-02-06T16:10:28.884,       0.02,       -2.03,       -0.02,       2.03
2026-02-06T16:10:29.398,       0.01,       -2.01,       -0.03,       2.01
2026-02-06T16:10:29.917,       0.02,       -2.02,       -0.02,       2.02
2026-02-06T16:10:30.434,       0.02,       -2.03,       -0.01,       2.03
2026-02-06T16:10:30.949,       0.01,       -2.04,       -0.04,       2.04
2026-02-06T16:10:31.499,      -0.00,       -2.05,       -0.01,       2.05
2026-02-06T16:10:32.016,       0.01,       -2.03,       -0.03,       2.03
2026-02-06T16:10:32.548,       0.01,       -2.02,       -0.04,       2.02
2026-02-06T16:10:33.065,       0.01,       -1.89,       -0.01,       1.89
2026-02-06T16:10:33.610,      -0.00,       -1.81,        0.01,       1.81
2026-02-06T16:10:34.130,       0.01,       -1.73,        0.05,       1.73
2026-02-06T16:10:34.646,       0.01,       -1.64,        0.02,       1.64
2026-02-06T16:10:35.159,       0.00,       -1.52,        0.00,       1.52
2026-02-06T16:10:35.676,       0.00,       -1.46,       -0.02,       1.46
2026-02-06T16:10:36.191,       0.02,       -1.31,       -0.01,       1.31
2026-02-06T16:10:36.710,       0.01,       -1.21,        0.02,       1.21
2026-02-06T16:10:37.227,       0.02,       -1.10,        0.01,       1.10
2026-02-06T16:10:37.742,       0.04,       -0.98,        0.01,       0.98
2026-02-06T16:10:38.256,       0.02,       -0.94,        0.01,       0.94
2026-02-06T16:10:38.773,       0.01,       -0.77,        0.02,       0.77
2026-02-06T16:10:39.288,       0.00,       -0.68,       -0.01,       0.68
2026-02-06T16:10:39.790,      -0.01,       -0.60,        0.02,       0.60
2026-02-06T16:10:40.304,       0.02,       -0.46,        0.05,       0.47
2026-02-06T16:10:40.820,       0.00,       -0.45,        0.03,       0.46
2026-02-06T16:10:41.335,       0.01,       -0.43,        0.06,       0.43
2026-02-06T16:10:41.854,      -0.01,       -0.30,        0.02,       0.30
2026-02-06T16:10:42.371,      -0.01,       -0.22,        0.07,       0.23
2026-02-06T16:10:42.883,      -0.03,       -0.10,        0.07,       0.12
2026-02-06T16:10:43.386,      -0.01,       -0.02,        0.06,       0.06
2026-02-06T16:10:43.902,       0.00,       -0.00,        0.08,       0.08
2026-02-06T16:10:44.419,       0.01,        0.04,        0.06,       0.07
2026-02-06T16:10:44.932,       0.01,        0.04,        0.02,       0.05
2026-02-06T16:10:45.447,       0.01,        0.03,        0.03,       0.04
2026-02-06T16:10:45.965,       0.02,        0.02,        0.05,       0.06
2026-02-06T16:10:46.483,       0.02,        0.04,        0.05,       0.07
2026-02-06T16:10:46.999,       0.01,        0.03,        0.08,       0.09
2026-02-06T16:10:47.515,       0.01,        0.05,        0.11,       0.11
2026-02-06T16:10:48.028,       0.01,        0.11,        0.04,       0.12
2026-02-06T16:10:48.544,       0.02,        0.22,        0.03,       0.23
2026-02-06T16:10:49.061,      -0.02,        0.30,        0.04,       0.31
2026-02-06T16:10:49.580,       0.00,        0.41,        0.03,       0.41
2026-02-06T16:10:50.093,       0.01,        0.42,        0.10,       0.44
2026-02-06T16:10:50.610,       0.00,        0.56,        0.06,       0.56
2026-02-06T16:10:51.125,      -0.02,        0.63,        0.07,       0.64
2026-02-06T16:10:51.628,      -0.01,        0.77,        0.06,       0.77
2026-02-06T16:10:52.161,      -0.02,        0.87,        0.15,       0.88
2026-02-06T16:10:52.676,      -0.00,        0.97,        0.03,       0.97
2026-02-06T16:10:53.239,      -0.00,        1.06,        0.02,       1.06
2026-02-06T16:10:53.756,      -0.00,        1.16,        0.07,       1.16
2026-02-06T16:10:54.274,      -0.01,        1.24,        0.02,       1.24
2026-02-06T16:10:54.790,      -0.01,        1.34,        0.05,       1.34
2026-02-06T16:10:55.307,      -0.01,        1.40,        0.05,       1.40
2026-02-06T16:10:55.870,      -0.02,        1.52,        0.02,       1.52
2026-02-06T16:10:56.386,      -0.04,        1.62,        0.01,       1.62
2026-02-06T16:10:56.906,      -0.03,        1.70,        0.02,       1.70
2026-02-06T16:10:57.421,      -0.02,        1.78,       -0.02,       1.78
2026-02-06T16:10:57.967,      -0.01,        1.88,       -0.01,       1.88
2026-02-06T16:10:58.486,      -0.01,        1.93,       -0.05,       1.93
2026-02-06T16:10:59.004,       0.03,        1.98,       -0.01,       1.98
2026-02-06T16:10:59.516,       0.02,        2.01,       -0.05,       2.01
2026-02-06T16:11:00.032,      -0.01,        1.99,       -0.13,       1.99
2026-02-06T16:11:00.549,      -0.02,        2.01,       -0.05,       2.01
2026-02-06T16:11:01.067,       0.00,        1.99,       -0.04,       1.99
2026-02-06T16:11:01.583,       0.02,        2.02,       -0.02,       2.02
2026-02-06T16:11:02.130,      -0.00,        2.01,       -0.03,       2.01
2026-02-06T16:11:02.662,      -0.01,        2.01,       -0.05,       2.01
2026-02-06T16:11:03.178,       0.01,        2.01,       -0.05,       2.01
2026-02-06T16:11:03.680,       0.01,        2.00,       -0.03,       2.00
2026-02-06T16:11:04.195,       0.02,        2.00,       -0.04,       2.00
2026-02-06T16:11:04.710,       0.00,        2.00,        0.01,       2.00
2026-02-06T16:11:05.226,      -0.01,        2.02,       -0.02,       2.02
2026-02-06T16:11:05.746,      -0.00,        1.99,        0.02,       1.99
2026-02-06T16:11:06.261,      -0.01,        2.00,        0.01,       2.00
2026-02-06T16:11:06.775,      -0.00,        2.00,       -0.02,       2.00
2026-02-06T16:11:07.292,      -0.01,        1.96,       -0.01,       1.96
2026-02-06T16:11:07.807,       0.00,        1.83,       -0.03,       1.83
2026-02-06T16:11:08.326,       0.02,        1.76,       -0.03,       1.76
2026-02-06T16:11:08.843,       0.02,        1.65,       -0.04,       1.66
2026-02-06T16:11:09.356,       0.01,        1.58,       -0.07,       1.58
2026-02-06T16:11:09.871,      -0.00,        1.50,       -0.03,       1.50
2026-02-06T16:11:10.388,      -0.01,        1.41,        0.05,       1.42
2026-02-06T16:11:10.891,      -0.02,        1.31,        0.05,       1.31
2026-02-06T16:11:11.403,      -0.02,        1.23,       -0.01,       1.23
2026-02-06T16:11:11.955,       0.01,        1.08,        0.04,       1.08
2026-02-06T16:11:12.471,       0.01,        1.03,        0.07,       1.03
2026-02-06T16:11:12.988,       0.00,        0.90,        0.09,       0.91
2026-02-06T16:11:13.501,       0.01,        0.86,        0.03,       0.86
2026-02-06T16:11:14.016,       0.01,        0.78,       -0.02,       0.78
2026-02-06T16:11:14.519,       0.01,        0.72,        0.07,       0.73
2026-02-06T16:11:15.036,       0.01,        0.60,        0.05,       0.60
2026-02-06T16:11:15.549,       0.03,        0.54,        0.01,       0.54
2026-02-06T16:11:16.063,      -0.00,        0.42,        0.04,       0.42
2026-02-06T16:11:16.581,       0.02,        0.38,        0.05,       0.39
2026-02-06T16:11:17.099,       0.00,        0.29,       -0.01,       0.29
2026-02-06T16:11:17.646,      -0.00,        0.27,        0.08,       0.28
2026-02-06T16:11:18.165,      -0.01,        0.13,        0.09,       0.16
2026-02-06T16:11:18.682,       0.02,        0.10,        0.06,       0.12
2026-02-06T16:11:19.197,       0.03,        0.05,        0.06,       0.08
2026-02-06T16:11:19.711,       0.03,       -0.00,        0.05,       0.05
2026-02-06T16:11:20.228,       0.01,        0.04,        0.06,       0.07
2026-02-06T16:11:20.743,       0.03,        0.01,        0.07,       0.08
2026-02-06T16:11:21.262,       0.03,       -0.01,        0.05,       0.06
2026-02-06T16:11:21.778,       0.05,        0.04,        0.01,       0.06
2026-02-06T16:11:22.291,       0.05,        0.04,       -0.01,       0.06
2026-02-06T16:11:22.807,       0.03,        0.01,        0.04,       0.05
2026-02-06T16:11:23.324,       0.01,        0.01,        0.07,       0.08
2026-02-06T16:11:23.826,       0.02,        0.04,        0.06,       0.08
2026-02-06T16:11:24.339,       0.01,        0.03,        0.03,       0.05
2026-02-06T16:11:24.855,       0.01,        0.03,        0.05,       0.06
2026-02-06T16:11:25.372,       0.01,       -0.00,       -0.02,       0.02
2026-02-06T16:11:25.875,       0.01,        0.02,        0.03,       0.04
2026-02-06T16:11:26.387,       0.02,        0.04,       -0.01,       0.04
2026-02-06T16:11:26.903,       0.00,        0.03,        0.05,       0.06
2026-02-06T16:11:27.419,       0.02,        0.04,        0.04,       0.06
2026-02-06T16:11:27.938,       0.01,        0.02,        0.01,       0.02
2026-02-06T16:11:28.454,      -0.01,       -0.00,       -0.03,       0.03
2026-02-06T16:11:29.000,      -0.00,        0.00,        0.07,       0.07
2026-02-06T16:11:29.520,       0.01,        0.03,        0.01,       0.03
2026-02-06T16:11:30.035,       0.01,        0.01,        0.03,       0.04
2026-02-06T16:11:30.549,      -0.00,        0.01,        0.02,       0.02
2026-02-06T16:11:31.066,       0.01,        0.03,        0.01,       0.04
2026-02-06T16:11:31.581,       0.01,        0.02,        0.04,       0.04
2026-02-06T16:11:32.100,       0.02,        0.03,        0.02,       0.04
2026-02-06T16:11:32.667,       0.01,        0.02,        0.10,       0.11
2026-02-06T16:11:33.213,       0.00,        0.01,        0.20,       0.20
2026-02-06T16:11:33.731,       0.01,        0.02,        0.20,       0.20
2026-02-06T16:11:34.247,       0.01,        0.02,        0.19,       0.19
2026-02-06T16:11:34.812,       0.01,        0.02,        0.17,       0.17
2026-02-06T16:11:35.314,       0.01,        0.02,        0.29,       0.29
2026-02-06T16:11:35.829,       0.02,        0.02,        0.37,       0.37
2026-02-06T16:11:36.343,       0.01,        0.03,        0.36,       0.36
2026-02-06T16:11:36.860,       0.00,       -0.01,        0.44,       0.44
2026-02-06T16:11:37.375,       0.01,        0.00,        0.47,       0.47
2026-02-06T16:11:37.894,       0.01,        0.01,        0.51,       0.51
2026-02-06T16:11:38.410,       0.00,        0.01,        0.67,       0.67
2026-02-06T16:11:38.923,       0.01,        0.01,        0.70,       0.70
2026-02-06T16:11:39.489,      -0.00,       -0.02,        0.80,       0.80
2026-02-06T16:11:39.991,       0.01,       -0.01,        0.85,       0.85
2026-02-06T16:11:40.508,      -0.00,        0.00,        0.97,       0.97
2026-02-06T16:11:41.021,       0.01,        0.00,        1.11,       1.11
2026-02-06T16:11:41.537,      -0.00,        0.02,        1.16,       1.16
2026-02-06T16:11:42.054,       0.00,       -0.01,        1.25,       1.25
2026-02-06T16:11:42.572,       0.01,        0.04,        1.31,       1.31
2026-02-06T16:11:43.088,       0.01,        0.01,        1.36,       1.36
2026-02-06T16:11:43.652,       0.01,       -0.01,        1.52,       1.52
2026-02-06T16:11:44.167,       0.01,        0.02,        1.57,       1.57
2026-02-06T16:11:44.669,       0.03,        0.01,        1.62,       1.62
2026-02-06T16:11:45.183,       0.03,        0.03,        1.67,       1.67
2026-02-06T16:11:45.700,       0.02,        0.00,        1.81,       1.81
2026-02-06T16:11:46.215,       0.01,        0.03,        1.90,       1.90
2026-02-06T16:11:46.734,       0.01,        0.00,        1.98,       1.98
2026-02-06T16:11:47.251,       0.02,        0.02,        1.96,       1.96
2026-02-06T16:11:47.814,       0.00,       -0.01,        2.03,       2.03
2026-02-06T16:11:48.330,      -0.01,       -0.02,        2.07,       2.07
2026-02-06T16:11:48.831,       0.02,       -0.01,        2.11,       2.11
2026-02-06T16:11:49.348,       0.02,       -0.00,        2.09,       2.09
2026-02-06T16:11:49.861,       0.03,        0.02,        2.03,       2.03
2026-02-06T16:11:50.377,       0.02,        0.02,        2.09,       2.09
2026-02-06T16:11:50.894,       0.03,        0.01,        2.01,       2.01
2026-02-06T16:11:51.396,       0.02,        0.05,        2.08,       2.08
2026-02-06T16:11:51.909,       0.02,        0.04,        2.06,       2.06
2026-02-06T16:11:52.425,       0.02,        0.03,        1.98,       1.98
2026-02-06T16:11:52.942,       0.04,        0.04,        2.06,       2.07
2026-02-06T16:11:53.460,       0.02,        0.03,        2.08,       2.08
2026-02-06T16:11:53.976,       0.03,        0.04,        2.08,       2.08
2026-02-06T16:11:54.491,       0.02,        0.04,        2.05,       2.05
2026-02-06T16:11:55.006,       0.02,        0.03,        2.03,       2.03
2026-02-06T16:11:55.508,       0.02,        0.03,        2.04,       2.05
2026-02-06T16:11:56.022,       0.03,        0.04,        2.03,       2.03
2026-02-06T16:11:56.538,       0.04,        0.04,        1.97,       1.97
2026-02-06T16:11:57.052,       0.04,        0.02,        1.91,       1.91
2026-02-06T16:11:57.572,       0.04,        0.02,        1.89,       1.89
2026-02-06T16:11:58.089,       0.04,        0.03,        1.75,       1.75
2026-02-06T16:11:58.604,       0.04,        0.03,        1.65,       1.65
2026-02-06T16:11:59.168,       0.04,        0.03,        1.51,       1.51
2026-02-06T16:11:59.670,       0.01,        0.04,        1.45,       1.45
2026-02-06T16:12:00.203,       0.03,        0.01,        1.31,       1.31
2026-02-06T16:12:00.749,       0.02,        0.02,        1.21,       1.21
2026-02-06T16:12:01.265,       0.01,        0.05,        1.17,       1.17
2026-02-06T16:12:01.781,       0.02,        0.02,        1.03,       1.03
2026-02-06T16:12:02.300,       0.01,        0.03,        0.89,       0.89
2026-02-06T16:12:02.814,       0.02,        0.03,        0.82,       0.82
2026-02-06T16:12:03.330,       0.02,        0.01,        0.71,       0.71
2026-02-06T16:12:03.830,       0.02,        0.03,        0.63,       0.63
2026-02-06T16:12:04.348,       0.04,        0.04,        0.54,       0.55
2026-02-06T16:12:04.862,       0.02,        0.01,        0.46,       0.46
2026-02-06T16:12:05.379,       0.02,        0.01,        0.34,       0.34
2026-02-06T16:12:05.894,       0.02,        0.03,        0.24,       0.24
2026-02-06T16:12:06.413,       0.01,        0.03,        0.11,       0.11
2026-02-06T16:12:06.930,       0.01,       -0.00,        0.10,       0.10
2026-02-06T16:12:07.445,       0.02,        0.01,        0.02,       0.03
2026-02-06T16:12:07.958,       0.01,        0.04,       -0.02,       0.04
2026-02-06T16:12:08.475,       0.01,        0.02,        0.09,       0.10
2026-02-06T16:12:08.989,       0.01,        0.01,        0.05,       0.06
2026-02-06T16:12:09.492,       0.01,       -0.02,        0.08,       0.09
2026-02-06T16:12:10.006,       0.01,       -0.00,        0.07,       0.07
2026-02-06T16:12:10.523,       0.01,        0.01,        0.03,       0.03
2026-02-06T16:12:11.038,       0.02,        0.02,        0.04,       0.05
2026-02-06T16:12:11.557,       0.01,        0.02,        0.07,       0.08
2026-02-06T16:12:12.074,       0.02,        0.02,        0.01,       0.03
2026-02-06T16:12:12.587,       0.02,       -0.01,        0.00,       0.02
2026-02-06T16:12:13.103,       0.01,        0.01,       -0.11,       0.11
2026-02-06T16:12:13.620,       0.02,       -0.00,       -0.16,       0.16
2026-02-06T16:12:14.138,       0.01,        0.01,       -0.25,       0.25
2026-02-06T16:12:14.703,       0.03,        0.04,       -0.35,       0.35
2026-02-06T16:12:15.253,       0.01,        0.02,       -0.41,       0.41
2026-02-06T16:12:15.770,       0.00,        0.02,       -0.44,       0.44
2026-02-06T16:12:16.285,       0.02,        0.03,       -0.53,       0.53
2026-02-06T16:12:16.799,       0.01,       -0.01,       -0.55,       0.55
2026-02-06T16:12:17.316,       0.01,        0.02,       -0.66,       0.66
2026-02-06T16:12:17.831,      -0.01,       -0.02,       -0.70,       0.70
2026-02-06T16:12:18.333,       0.02,        0.02,       -0.83,       0.83
2026-02-06T16:12:18.847,       0.02,        0.02,       -0.88,       0.88
2026-02-06T16:12:19.364,       0.03,        0.00,       -0.96,       0.96
2026-02-06T16:12:19.878,       0.02,        0.02,       -1.06,       1.06
2026-02-06T16:12:20.447,       0.00,        0.01,       -1.11,       1.11
2026-02-06T16:12:21.012,       0.02,        0.00,       -1.17,       1.17
2026-02-06T16:12:21.514,       0.02,        0.02,       -1.22,       1.22
2026-02-06T16:12:22.029,       0.03,        0.00,       -1.26,       1.26
2026-02-06T16:12:22.543,       0.01,       -0.02,       -1.29,       1.29
2026-02-06T16:12:23.060,       0.01,       -0.01,       -1.43,       1.43
2026-02-06T16:12:23.575,       0.02,       -0.03,       -1.50,       1.50
2026-02-06T16:12:24.093,       0.02,       -0.00,       -1.51,       1.51
2026-02-06T16:12:24.660,      -0.00,       -0.04,       -1.60,       1.60
2026-02-06T16:12:25.207,       0.01,       -0.02,       -1.71,       1.71
2026-02-06T16:12:25.725,       0.03,       -0.03,       -1.75,       1.76
2026-02-06T16:12:26.241,       0.01,       -0.03,       -1.78,       1.78
2026-02-06T16:12:26.756,       0.00,       -0.01,       -1.86,       1.86
2026-02-06T16:12:27.271,       0.00,       -0.03,       -1.91,       1.91
2026-02-06T16:12:27.787,       0.01,        0.02,       -2.00,       2.00
2026-02-06T16:12:28.289,       0.01,       -0.01,       -2.01,       2.01
2026-02-06T16:12:28.803,       0.00,       -0.00,       -1.94,       1.94
2026-02-06T16:12:29.318,       0.01,        0.02,       -1.91,       1.91
2026-02-06T16:12:29.834,       0.01,       -0.03,       -1.98,       1.98
2026-02-06T16:12:30.354,       0.01,        0.00,       -1.99,       1.99
2026-02-06T16:12:30.869,       0.02,        0.02,       -1.98,       1.98
2026-02-06T16:12:31.383,       0.01,        0.01,       -2.02,       2.02
2026-02-06T16:12:31.899,       0.00,        0.00,       -2.01,       2.01
2026-02-06T16:12:32.402,      -0.00,        0.02,       -1.97,       1.97
2026-02-06T16:12:32.916,      -0.01,       -0.01,       -1.97,       1.97
2026-02-06T16:12:33.431,      -0.01,        0.01,       -1.96,       1.96
2026-02-06T16:12:33.948,       0.00,        0.01,       -1.98,       1.98
2026-02-06T16:12:34.463,      -0.00,        0.01,       -1.96,       1.96
2026-02-06T16:12:34.965,       0.01,        0.02,       -1.92,       1.92
2026-02-06T16:12:35.479,       0.01,        0.02,       -1.97,       1.97
2026-02-06T16:12:35.995,       0.01,       -0.02,       -1.94,       1.94
2026-02-06T16:12:36.509,       0.02,        0.01,       -2.01,       2.01
2026-02-06T16:12:37.029,       0.01,       -0.01,       -2.02,       2.02
2026-02-06T16:12:37.547,       0.00,        0.02,       -1.98,       1.98
2026-02-06T16:12:38.059,       0.01,       -0.01,       -2.03,       2.03
2026-02-06T16:12:38.611,      -0.00,        0.03,       -1.98,       1.98
2026-02-06T16:12:39.142,       0.00,        0.01,       -2.03,       2.03
2026-02-06T16:12:39.644,       0.01,        0.01,       -2.08,       2.08
2026-02-06T16:12:40.156,      -0.02,       -0.02,       -1.95,       1.95
2026-02-06T16:12:40.673,      -0.02,       -0.03,       -1.80,       1.80
2026-02-06T16:12:41.189,      -0.00,       -0.04,       -1.75,       1.75
2026-02-06T16:12:41.708,      -0.00,        0.00,       -1.56,       1.56
2026-02-06T16:12:42.270,      -0.00,       -0.00,       -1.39,       1.39
2026-02-06T16:12:42.772,       0.00,       -0.01,       -1.32,       1.32
2026-02-06T16:12:43.290,      -0.01,       -0.02,       -1.15,       1.15
2026-02-06T16:12:43.804,      -0.00,       -0.01,       -1.04,       1.04
2026-02-06T16:12:44.318,       0.01,       -0.01,       -0.95,       0.95
2026-02-06T16:12:44.821,       0.01,       -0.00,       -0.86,       0.86
2026-02-06T16:12:45.338,       0.01,        0.01,       -0.77,       0.77
2026-02-06T16:12:45.853,      -0.01,       -0.01,       -0.60,       0.60
2026-02-06T16:12:46.367,       0.01,       -0.01,       -0.57,       0.57
2026-02-06T16:12:46.884,      -0.00,       -0.02,       -0.44,       0.44
2026-02-06T16:12:47.399,       0.01,       -0.01,       -0.27,       0.28
2026-02-06T16:12:47.967,       0.01,       -0.02,       -0.21,       0.21
2026-02-06T16:12:48.532,       0.01,       -0.01,       -0.09,       0.10
2026-02-06T16:12:49.084,       0.00,       -0.01,       -0.02,       0.02
2026-02-06T16:12:49.596,       0.01,        0.01,        0.04,       0.04
2026-02-06T16:12:50.112,       0.01,       -0.01,        0.11,       0.11
2026-02-06T16:12:50.630,       0.01,       -0.02,        0.10,       0.10
2026-02-06T16:12:51.145,       0.03,       -0.03,        0.06,       0.07
2026-02-06T16:12:51.693,       0.03,       -0.03,        0.10,       0.11
2026-02-06T16:12:52.210,       0.02,        0.01,        0.08,       0.08
2026-02-06T16:12:52.726,       0.01,        0.02,        0.08,       0.09
2026-02-06T16:12:53.229,       0.02,        0.02,        0.03,       0.04
2026-02-06T16:12:53.741,       0.02,        0.02,        0.04,       0.04
2026-02-06T16:12:54.258,       0.02,        0.04,        0.04,       0.06
2026-02-06T16:12:54.760,       0.02,        0.04,        0.06,       0.08
2026-02-06T16:12:55.277,       0.03,        0.03,        0.03,       0.05
2026-02-06T16:12:55.790,       0.02,        0.03,        0.02,       0.04
2026-02-06T16:12:56.305,       0.02,        0.02,        0.04,       0.05
2026-02-06T16:12:56.822,       0.02,        0.01,        0.00,       0.02
2026-02-06T16:12:57.341,       0.01,        0.01,       -0.00,       0.02
2026-02-06T16:12:57.904,       0.02,        0.02,        0.06,       0.06
2026-02-06T16:12:58.406,       0.01,        0.03,        0.05,       0.06
2026-02-06T16:12:58.923,       0.02,        0.03,        0.01,       0.04
2026-02-06T16:12:59.437,       0.01,        0.02,       -0.01,       0.03
2026-02-06T16:13:00.001,       0.00,        0.01,        0.04,       0.04
2026-02-06T16:13:00.504,       0.01,        0.02,        0.01,       0.02
2026-02-06T16:13:01.021,      -0.12,        0.03,        0.09,       0.15
2026-02-06T16:13:01.533,      -0.21,        0.05,        0.08,       0.23
2026-02-06T16:13:02.049,      -0.28,        0.03,        0.04,       0.28
2026-02-06T16:13:02.552,      -0.38,        0.02,        0.00,       0.38
2026-02-06T16:13:03.068,      -0.43,        0.02,       -0.02,       0.43
2026-02-06T16:13:03.580,      -0.53,        0.01,       -0.02,       0.53
2026-02-06T16:13:04.097,      -0.62,        0.02,        0.03,       0.62
2026-02-06T16:13:04.614,      -0.69,        0.04,        0.04,       0.69
2026-02-06T16:13:05.116,      -0.78,        0.05,        0.04,       0.79
2026-02-06T16:13:05.628,      -0.91,        0.02,        0.01,       0.91
2026-02-06T16:13:06.144,      -0.98,        0.06,        0.05,       0.98
2026-02-06T16:13:06.662,      -1.05,        0.03,        0.06,       1.06
2026-02-06T16:13:07.164,      -1.16,        0.03,       -0.01,       1.16
2026-02-06T16:13:07.676,      -1.22,        0.03,        0.02,       1.22
2026-02-06T16:13:08.192,      -1.28,        0.03,        0.03,       1.28
2026-02-06T16:13:08.694,      -1.39,        0.02,       -0.02,       1.39
2026-02-06T16:13:09.212,      -1.46,        0.04,        0.04,       1.47
2026-02-06T16:13:09.724,      -1.53,        0.04,        0.02,       1.53
2026-02-06T16:13:10.241,      -1.63,        0.03,        0.02,       1.63
2026-02-06T16:13:10.743,      -1.71,        0.04,        0.02,       1.71
2026-02-06T16:13:11.259,      -1.79,        0.04,        0.02,       1.79
2026-02-06T16:13:11.772,      -1.88,        0.04,       -0.02,       1.88
2026-02-06T16:13:12.287,      -1.92,        0.03,        0.03,       1.92
2026-02-06T16:13:12.790,      -1.95,        0.04,        0.07,       1.95
2026-02-06T16:13:13.306,      -1.98,        0.03,        0.05,       1.98
2026-02-06T16:13:13.819,      -2.00,        0.05,        0.05,       2.00
2026-02-06T16:13:14.336,      -2.01,        0.05,        0.01,       2.01
2026-02-06T16:13:14.852,      -2.01,        0.06,        0.05,       2.01
2026-02-06T16:13:15.402,      -2.00,        0.03,        0.06,       2.00
2026-02-06T16:13:15.918,      -1.98,        0.03,        0.07,       1.98
2026-02-06T16:13:16.436,      -1.98,        0.03,        0.04,       1.98
2026-02-06T16:13:16.954,      -1.98,        0.04,        0.02,       1.98
2026-02-06T16:13:17.465,      -1.98,        0.03,       -0.00,       1.98
2026-02-06T16:13:17.981,      -1.99,        0.02,        0.04,       1.99
2026-02-06T16:13:18.484,      -1.99,        0.02,        0.04,       1.99
2026-02-06T16:13:19.001,      -1.99,        0.03,        0.03,       1.99
2026-02-06T16:13:19.514,      -1.99,        0.03,        0.05,       1.99
2026-02-06T16:13:20.029,      -1.99,        0.04,        0.04,       1.99
2026-02-06T16:13:20.546,      -1.99,        0.04,        0.07,       1.99
2026-02-06T16:13:21.049,      -1.98,        0.04,        0.05,       1.99
2026-02-06T16:13:21.561,      -1.98,        0.03,        0.04,       1.98
2026-02-06T16:13:22.078,      -1.99,        0.04,        0.05,       1.99
2026-02-06T16:13:22.595,      -1.98,        0.02,        0.01,       1.98
2026-02-06T16:13:23.113,      -1.99,        0.01,        0.00,       1.99
2026-02-06T16:13:23.629,      -1.99,        0.04,        0.04,       1.99
2026-02-06T16:13:24.146,      -1.99,        0.04,        0.01,       1.99
2026-02-06T16:13:24.691,      -1.99,        0.01,        0.04,       1.99
2026-02-06T16:13:25.210,      -1.96,        0.01,       -0.01,       1.96
2026-02-06T16:13:25.726,      -1.85,        0.05,        0.10,       1.85
2026-02-06T16:13:26.240,      -1.80,        0.04,        0.10,       1.80
2026-02-06T16:13:26.755,      -1.67,        0.04,        0.08,       1.67
2026-02-06T16:13:27.271,      -1.61,        0.03,        0.06,       1.61
2026-02-06T16:13:27.772,      -1.55,        0.01,        0.04,       1.55
2026-02-06T16:13:28.288,      -1.44,        0.01,        0.04,       1.44
2026-02-06T16:13:28.804,      -1.33,       -0.00,       -0.01,       1.33
2026-02-06T16:13:29.323,      -1.24,        0.02,        0.04,       1.24
2026-02-06T16:13:29.840,      -1.14,        0.01,        0.03,       1.14
2026-02-06T16:13:30.355,      -1.03,        0.03,        0.07,       1.03
2026-02-06T16:13:30.904,      -0.92,        0.03,        0.08,       0.92
2026-02-06T16:13:31.420,      -0.80,        0.04,        0.10,       0.80
2026-02-06T16:13:31.937,      -0.69,        0.01,        0.09,       0.69
2026-02-06T16:13:32.450,      -0.61,        0.00,        0.01,       0.61
2026-02-06T16:13:32.952,      -0.51,        0.01,        0.03,       0.51
2026-02-06T16:13:33.468,      -0.41,        0.00,        0.06,       0.42
2026-02-06T16:13:33.985,      -0.32,        0.03,        0.06,       0.33
2026-02-06T16:13:34.498,      -0.21,        0.02,        0.14,       0.25
2026-02-06T16:13:35.013,      -0.15,        0.02,        0.09,       0.17
2026-02-06T16:13:35.516,      -0.07,        0.04,        0.12,       0.15
2026-02-06T16:13:36.033,      -0.02,        0.01,        0.06,       0.07
2026-02-06T16:13:36.545,       0.00,        0.03,        0.05,       0.05
2026-02-06T16:13:37.061,       0.00,        0.04,        0.07,       0.08
2026-02-06T16:13:37.565,       0.00,        0.01,       -0.02,       0.02
2026-02-06T16:13:38.080,       0.02,        0.03,        0.09,       0.09
2026-02-06T16:13:38.592,       0.01,        0.03,        0.06,       0.07
2026-02-06T16:13:39.108,       0.02,        0.02,        0.05,       0.06
2026-02-06T16:13:39.625,       0.00,        0.02,        0.08,       0.08
2026-02-06T16:13:40.144,       0.02,        0.03,        0.06,       0.07
2026-02-06T16:13:40.660,       0.01,        0.04,        0.08,       0.09
2026-02-06T16:13:41.174,       0.01,        0.01,        0.03,       0.03
2026-02-06T16:13:41.673,       0.02,        0.03,        0.05,       0.06
2026-02-06T16:13:42.193,       0.01,        0.02,        0.00,       0.02
2026-02-06T16:13:42.708,       0.03,        0.01,       -0.05,       0.06
2026-02-06T16:13:43.222,       0.02,       -0.00,       -0.01,       0.02
2026-02-06T16:13:43.738,       0.04,        0.02,        0.04,       0.06
2026-02-06T16:13:44.253,       0.16,        0.01,        0.03,       0.16
2026-02-06T16:13:44.773,       0.24,       -0.03,        0.01,       0.24
2026-02-06T16:13:45.319,       0.37,        0.01,        0.04,       0.37
2026-02-06T16:13:45.835,       0.48,        0.02,        0.04,       0.49
2026-02-06T16:13:46.354,       0.56,        0.02,        0.05,       0.56
2026-02-06T16:13:46.871,       0.67,        0.00,        0.07,       0.67
2026-02-06T16:13:47.384,       0.79,        0.01,        0.03,       0.79
2026-02-06T16:13:47.899,       0.86,        0.02,       -0.00,       0.86
2026-02-06T16:13:48.402,       0.95,        0.02,        0.05,       0.95
2026-02-06T16:13:48.919,       1.05,        0.01,        0.03,       1.05
2026-02-06T16:13:49.431,       1.12,        0.01,        0.01,       1.12
2026-02-06T16:13:49.947,       1.26,        0.02,        0.02,       1.26
2026-02-06T16:13:50.464,       1.36,        0.03,        0.04,       1.36
2026-02-06T16:13:50.982,       1.42,        0.05,        0.11,       1.42
2026-02-06T16:13:51.498,       1.54,        0.04,        0.15,       1.55
2026-02-06T16:13:52.062,       1.64,        0.02,        0.09,       1.65
2026-02-06T16:13:52.615,       1.75,       -0.00,        0.03,       1.75
2026-02-06T16:13:53.130,       1.83,        0.02,       -0.01,       1.83
2026-02-06T16:13:53.643,       1.90,        0.00,       -0.03,       1.90
2026-02-06T16:13:54.160,       1.98,        0.01,       -0.03,       1.98
2026-02-06T16:13:54.663,       2.01,        0.03,       -0.03,       2.01
2026-02-06T16:13:55.178,       2.03,       -0.00,       -0.07,       2.03
2026-02-06T16:13:55.691,       2.02,        0.01,       -0.03,       2.02
2026-02-06T16:13:56.208,       2.02,        0.01,        0.01,       2.02
2026-02-06T16:13:56.722,       2.02,       -0.00,       -0.01,       2.02
2026-02-06T16:13:57.242,       2.02,       -0.01,       -0.07,       2.02
2026-02-06T16:13:57.759,       2.03,        0.00,       -0.06,       2.03
2026-02-06T16:13:58.271,       2.04,        0.02,       -0.02,       2.04
2026-02-06T16:13:58.774,       2.02,        0.02,       -0.01,       2.02
2026-02-06T16:13:59.290,       2.02,       -0.01,       -0.05,       2.02
2026-02-06T16:13:59.807,       2.02,        0.00,       -0.03,       2.02
2026-02-06T16:14:00.369,       2.01,        0.00,       -0.05,       2.01
2026-02-06T16:14:00.872,       2.01,        0.02,        0.04,       2.01
2026-02-06T16:14:01.388,       2.02,        0.00,       -0.06,       2.02
2026-02-06T16:14:01.904,       2.02,        0.01,        0.03,       2.02
2026-02-06T16:14:02.417,       2.01,        0.03,        0.04,       2.01
2026-02-06T16:14:02.932,       2.03,        0.02,        0.05,       2.03
2026-02-06T16:14:03.435,       2.02,        0.00,       -0.01,       2.02
2026-02-06T16:14:03.949,       2.02,       -0.00,       -0.06,       2.02
2026-02-06T16:14:04.465,       2.03,        0.01,       -0.03,       2.03
2026-02-06T16:14:04.980,       2.03,       -0.01,       -0.04,       2.03
2026-02-06T16:14:05.501,       2.03,        0.01,        0.00,       2.03
2026-02-06T16:14:06.016,       2.03,        0.02,        0.00,       2.03
2026-02-06T16:14:06.529,       2.02,       -0.02,       -0.02,       2.02
2026-02-06T16:14:07.082,       1.97,        0.01,       -0.07,       1.97
2026-02-06T16:14:07.599,       1.86,        0.01,       -0.09,       1.86
2026-02-06T16:14:08.110,       1.73,        0.02,       -0.01,       1.73
2026-02-06T16:14:08.626,       1.66,        0.03,        0.01,       1.66
2026-02-06T16:14:09.144,       1.51,        0.04,        0.01,       1.51
2026-02-06T16:14:09.662,       1.39,        0.02,        0.00,       1.39
2026-02-06T16:14:10.228,       1.31,        0.01,       -0.04,       1.31
2026-02-06T16:14:10.742,       1.19,        0.03,       -0.01,       1.19
2026-02-06T16:14:11.257,       1.08,        0.04,        0.01,       1.08
2026-02-06T16:14:11.773,       0.95,        0.03,       -0.03,       0.95
2026-02-06T16:14:12.294,       0.85,        0.03,        0.00,       0.86
2026-02-06T16:14:12.809,       0.75,        0.04,        0.05,       0.75
2026-02-06T16:14:13.354,       0.63,        0.03,        0.01,       0.63
2026-02-06T16:14:13.888,       0.54,        0.05,       -0.02,       0.54
2026-02-06T16:14:14.407,       0.43,        0.03,        0.00,       0.43
2026-02-06T16:14:14.953,       0.34,        0.02,       -0.00,       0.34
2026-02-06T16:14:15.469,       0.22,        0.01,       -0.03,       0.22
2026-02-06T16:14:15.986,       0.17,        0.03,       -0.02,       0.17
2026-02-06T16:14:16.505,       0.11,        0.02,        0.03,       0.11
2026-02-06T16:14:17.021,       0.07,        0.03,        0.02,       0.08
2026-02-06T16:14:17.535,       0.03,        0.03,       -0.01,       0.05
2026-02-06T16:14:18.035,       0.00,        0.02,        0.04,       0.05
2026-02-06T16:14:18.552,      -0.00,        0.03,        0.04,       0.05
2026-02-06T16:14:19.068,       0.00,        0.04,        0.01,       0.04
2026-02-06T16:14:19.582,      -0.00,        0.04,        0.02,       0.04
2026-02-06T16:14:20.097,       0.01,        0.03,        0.01,       0.03
2026-02-06T16:14:20.613,       0.02,        0.02,        0.03,       0.04
2026-02-06T16:14:21.134,       0.01,        0.01,        0.04,       0.05
2026-02-06T16:14:21.649,       0.01,        0.03,        0.03,       0.05
2026-02-06T16:14:22.162,       0.02,        0.01,        0.01,       0.02
2026-02-06T16:14:22.715,       0.01,        0.03,        0.04,       0.05
2026-02-06T16:14:23.248,       0.02,        0.03,        0.07,       0.07
2026-02-06T16:14:23.763,       0.01,        0.02,        0.06,       0.07
2026-02-06T16:14:24.330,       0.01,        0.03,        0.05,       0.06
2026-02-06T16:14:24.842,       0.01,        0.03,        0.11,       0.12
2026-02-06T16:14:25.345,       0.02,        0.03,        0.01,       0.04
2026-02-06T16:14:25.861,       0.01,        0.03,        0.09,       0.10
2026-02-06T16:14:26.375,       0.02,        0.04,        0.01,       0.04
2026-02-06T16:14:26.890,       0.02,        0.04,        0.04,       0.06
2026-02-06T16:14:27.406,       0.02,        0.04,        0.08,       0.09
2026-02-06T16:14:27.927,       0.02,        0.03,        0.01,       0.03
2026-02-06T16:14:28.442,       0.02,        0.02,        0.04,       0.05
2026-02-06T16:14:28.956,       0.01,        0.02,        0.05,       0.06
2026-02-06T16:14:29.472,       0.02,        0.04,        0.06,       0.07
2026-02-06T16:14:29.974,       0.01,        0.03,        0.06,       0.07
2026-02-06T16:14:30.506,       0.00,        0.02,        0.07,       0.07
2026-02-06T16:14:31.023,       0.02,        0.03,        0.01,       0.03
2026-02-06T16:14:31.569,       0.02,        0.01,        0.04,       0.04
2026-02-06T16:14:32.088,       0.01,        0.03,        0.01,       0.03
2026-02-06T16:14:32.604,       0.03,        0.03,        0.04,       0.05
2026-02-06T16:14:33.121,       0.01,        0.02,        0.03,       0.04
2026-02-06T16:14:33.633,       0.01,        0.03,        0.02,       0.03
2026-02-06T16:14:34.149,       0.01,        0.03,        0.05,       0.05
2026-02-06T16:14:34.666,       0.01,        0.03,        0.06,       0.07
2026-02-06T16:14:35.184,       0.02,        0.02,        0.05,       0.06
2026-02-06T16:14:35.747,       0.01,        0.03,        0.08,       0.08
2026-02-06T16:14:36.315,       0.00,        0.02,        0.04,       0.05
2026-02-06T16:14:36.817,       0.01,        0.03,        0.06,       0.07
2026-02-06T16:14:37.330,       0.01,        0.04,        0.07,       0.08
2026-02-06T16:14:37.845,      -0.00,        0.03,        0.05,       0.06
2026-02-06T16:14:38.362,       0.02,        0.03,        0.01,       0.03
2026-02-06T16:14:38.881,      -0.01,        0.02,        0.04,       0.05
2026-02-06T16:14:39.396,      -0.01,        0.03,        0.07,       0.08
2026-02-06T16:14:39.913,       0.02,        0.03,        0.06,       0.06
2026-02-06T16:14:40.425,       0.01,        0.04,        0.06,       0.07
2026-02-06T16:14:40.942,       0.02,        0.05,        0.05,       0.08
2026-02-06T16:14:41.458,       0.02,        0.04,        0.02,       0.04
2026-02-06T16:14:41.977,       0.01,        0.04,        0.10,       0.10
2026-02-06T16:14:42.493,       0.01,        0.04,        0.08,       0.09
2026-02-06T16:14:43.010,       0.02,        0.02,        0.10,       0.10
2026-02-06T16:14:43.523,       0.02,        0.04,        0.04,       0.06
2026-02-06T16:14:44.039,       0.02,        0.03,        0.03,       0.04
2026-02-06T16:14:44.555,       0.02,        0.03,        0.03,       0.05
2026-02-06T16:14:45.074,       0.02,        0.04,        0.07,       0.08
2026-02-06T16:14:45.587,       0.01,        0.05,        0.03,       0.06
2026-02-06T16:14:46.103,       0.01,        0.02,       -0.01,       0.02
2026-02-06T16:14:46.618,       0.01,        0.02,        0.05,       0.05
2026-02-06T16:14:47.138,       0.02,        0.04,        0.03,       0.05
2026-02-06T16:14:47.655,       0.00,        0.02,        0.05,       0.05
2026-02-06T16:14:48.170,       0.01,        0.02,        0.06,       0.07
2026-02-06T16:14:48.683,       0.02,        0.04,        0.08,       0.09
2026-02-06T16:14:49.200,       0.01,        0.04,        0.09,       0.10
2026-02-06T16:14:49.716,       0.02,        0.03,        0.07,       0.08
2026-02-06T16:14:50.235,       0.02,        0.06,        0.10,       0.12
2026-02-06T16:14:50.752,       0.01,        0.02,        0.07,       0.07
2026-02-06T16:14:51.313,       0.02,        0.04,        0.08,       0.09
2026-02-06T16:14:51.829,       0.02,        0.04,        0.03,       0.06
2026-02-06T16:14:52.347,       0.02,        0.07,        0.04,       0.08
2026-02-06T16:14:52.865,       0.01,        0.01,        0.05,       0.05
2026-02-06T16:14:53.381,       0.02,        0.02,        0.04,       0.05
2026-02-06T16:14:53.895,       0.02,        0.04,        0.04,       0.07
2026-02-06T16:14:54.411,       0.02,        0.03,        0.05,       0.07
2026-02-06T16:14:54.926,       0.02,        0.03,        0.02,       0.04
2026-02-06T16:14:55.429,       0.03,        0.03,        0.05,       0.07
2026-02-06T16:14:55.943,       0.02,        0.02,        0.01,       0.03
2026-02-06T16:14:56.458,       0.01,        0.00,       -0.01,       0.01
2026-02-06T16:14:56.974,       0.02,        0.01,        0.00,       0.02
2026-02-06T16:14:57.495,       0.02,        0.02,        0.08,       0.08
2026-02-06T16:14:58.009,       0.02,        0.04,        0.09,       0.10
2026-02-06T16:14:58.522,       0.03,        0.01,       -0.02,       0.03
2026-02-06T16:14:59.039,       0.02,        0.03,        0.02,       0.04
2026-02-06T16:14:59.541,       0.02,        0.03,        0.02,       0.04
2026-02-06T16:15:00.057,       0.01,        0.04,        0.02,       0.04
2026-02-06T16:15:00.570,       0.02,        0.02,        0.02,       0.03
2026-02-06T16:15:01.087,       0.01,        0.02,        0.03,       0.04
2026-02-06T16:15:01.602,       0.01,        0.05,        0.03,       0.06
2026-02-06T16:15:02.121,       0.02,        0.02,        0.03,       0.04
2026-02-06T16:15:02.639,       0.02,        0.02,        0.03,       0.04
2026-02-06T16:15:03.151,       0.02,        0.03,        0.05,       0.07
2026-02-06T16:15:03.651,       0.02,        0.02,        0.04,       0.05
2026-02-06T16:15:04.170,       0.00,        0.04,        0.02,       0.04
2026-02-06T16:15:04.687,       0.01,        0.01,        0.03,       0.03
2026-02-06T16:15:05.199,       0.01,        0.02,        0.02,       0.03
2026-02-06T16:15:05.714,       0.01,        0.04,        0.03,       0.05
2026-02-06T16:15:06.231,       0.01,        0.03,        0.06,       0.07
2026-02-06T16:15:06.750,       0.02,        0.02,        0.05,       0.06
2026-02-06T16:15:07.266,       0.01,        0.01,        0.06,       0.06
2026-02-06T16:15:07.783,       0.03,        0.05,        0.05,       0.08
2026-02-06T16:15:08.296,       0.01,        0.03,        0.01,       0.04
2026-02-06T16:15:08.811,       0.02,        0.04,        0.05,       0.07
2026-02-06T16:15:09.328,       0.02,        0.02,        0.04,       0.05
2026-02-06T16:15:09.847,       0.01,        0.02,        0.04,       0.05
2026-02-06T16:15:10.363,       0.03,        0.04,        0.05,       0.06
2026-02-06T16:15:10.880,       0.02,        0.02,       -0.00,       0.02
2026-02-06T16:15:11.392,       0.01,        0.04,        0.06,       0.07
2026-02-06T16:15:11.908,       0.02,        0.04,        0.08,       0.09
2026-02-06T16:15:12.410,       0.03,        0.02,        0.02,       0.04
2026-02-06T16:15:12.924,       0.01,        0.04,        0.04,       0.05
2026-02-06T16:15:13.440,       0.02,        0.03,        0.04,       0.05
2026-02-06T16:15:13.955,       0.02,        0.04,        0.02,       0.05
2026-02-06T16:15:14.458,       0.02,        0.05,        0.08,       0.09
2026-02-06T16:15:14.972,       0.02,        0.03,        0.07,       0.08
2026-02-06T16:15:15.488,       0.01,        0.01,        0.07,       0.07
2026-02-06T16:15:16.003,       0.02,        0.03,        0.03,       0.04
2026-02-06T16:15:16.523,       0.01,        0.01,        0.00,       0.02
2026-02-06T16:15:17.039,       0.00,        0.02,        0.01,       0.02
2026-02-06T16:15:17.552,      -0.00,       -0.00,        0.00,       0.01
2026-02-06T16:15:18.069,       0.02,        0.05,        0.05,       0.07
2026-02-06T16:15:18.585,       0.01,        0.01,        0.06,       0.07
2026-02-06T16:15:19.103,       0.00,        0.02,        0.02,       0.03
2026-02-06T16:15:19.620,       0.00,        0.02,        0.08,       0.08
2026-02-06T16:15:20.182,       0.01,        0.03,        0.06,       0.07
2026-02-06T16:15:20.698,       0.01,        0.04,        0.05,       0.07
2026-02-06T16:15:21.216,       0.01,        0.06,        0.07,       0.09
2026-02-06T16:15:21.718,       0.02,        0.02,        0.02,       0.04
2026-02-06T16:15:22.230,       0.00,        0.02,        0.05,       0.05
2026-02-06T16:15:22.746,       0.01,        0.04,        0.06,       0.07
2026-02-06T16:15:23.264,       0.01,        0.01,        0.04,       0.04
2026-02-06T16:15:23.782,       0.02,        0.03,        0.04,       0.05
2026-02-06T16:15:24.298,       0.01,        0.01,        0.01,       0.02
2026-02-06T16:15:24.815,       0.01,        0.04,        0.09,       0.10
2026-02-06T16:15:25.326,       0.01,        0.02,        0.08,       0.08
2026-02-06T16:15:25.842,       0.02,        0.04,        0.00,       0.04
2026-02-06T16:15:26.360,       0.02,        0.03,        0.02,       0.04
2026-02-06T16:15:26.878,       0.01,        0.02,        0.04,       0.05
2026-02-06T16:15:27.441,       0.01,        0.03,        0.01,       0.04
2026-02-06T16:15:27.944,       0.01,        0.03,        0.04,       0.06
2026-02-06T16:15:28.461,       0.01,        0.03,        0.05,       0.05
2026-02-06T16:15:28.973,       0.01,        0.02,        0.05,       0.05
2026-02-06T16:15:29.489,       0.02,        0.03,        0.06,       0.07
2026-02-06T16:15:30.007,       0.00,        0.02,        0.01,       0.03
2026-02-06T16:15:30.524,      -0.00,        0.04,        0.07,       0.08
2026-02-06T16:15:31.040,       0.02,        0.03,        0.03,       0.05
2026-02-06T16:15:31.557,       0.01,        0.02,       -0.02,       0.03
2026-02-06T16:15:32.069,       0.02,        0.01,        0.06,       0.06
2026-02-06T16:15:32.585,       0.01,        0.03,        0.04,       0.05
2026-02-06T16:15:33.088,       0.01,        0.05,        0.05,       0.07
2026-02-06T16:15:33.605,       0.01,        0.03,        0.07,       0.08
2026-02-06T16:15:34.117,       0.01,        0.04,        0.07,       0.08
2026-02-06T16:15:34.633,       0.01,        0.04,        0.04,       0.06
2026-02-06T16:15:35.150,       0.00,        0.02,        0.02,       0.03
2026-02-06T16:15:35.653,       0.00,        0.02,        0.02,       0.03
2026-02-06T16:15:36.165,       0.00,        0.02,        0.05,       0.05
2026-02-06T16:15:36.681,       0.02,        0.03,        0.03,       0.05
2026-02-06T16:15:37.198,       0.02,        0.04,        0.05,       0.06
2026-02-06T16:15:37.716,       0.01,        0.01,        0.02,       0.03
2026-02-06T16:15:38.232,       0.02,        0.02,        0.04,       0.05
2026-02-06T16:15:38.746,       0.03,        0.03,        0.03,       0.06
2026-02-06T16:15:39.311,       0.02,        0.03,        0.02,       0.04
2026-02-06T16:15:39.814,       0.01,        0.02,        0.06,       0.07
2026-02-06T16:15:40.327,       0.01,        0.02,        0.06,       0.06
2026-02-06T16:15:40.844,       0.01,        0.02,       -0.03,       0.03
2026-02-06T16:15:41.359,       0.01,        0.02,        0.05,       0.06
2026-02-06T16:15:41.879,       0.02,        0.03,        0.06,       0.07
2026-02-06T16:15:42.426,       0.02,        0.03,        0.05,       0.06
2026-02-06T16:15:42.942,       0.00,        0.02,        0.05,       0.06
2026-02-06T16:15:43.460,       0.01,        0.05,        0.05,       0.07
2026-02-06T16:15:43.975,       0.00,        0.04,        0.06,       0.08
2026-02-06T16:15:44.493,       0.01,        0.02,        0.04,       0.05
2026-02-06T16:15:45.006,      -0.02,        0.05,        0.11,       0.12
2026-02-06T16:15:45.522,      -0.02,        0.03,        0.10,       0.11
2026-02-06T16:15:46.024,      -0.00,        0.04,        0.09,       0.10
2026-02-06T16:15:46.540,      -0.01,        0.02,       -0.01,       0.02
2026-02-06T16:15:47.054,       0.01,        0.04,        0.06,       0.07
2026-02-06T16:15:47.569,       0.03,        0.07,        0.03,       0.08
2026-02-06T16:15:48.087,       0.03,        0.05,        0.08,       0.10
2026-02-06T16:15:48.589,       0.02,        0.04,        0.06,       0.08
2026-02-06T16:15:49.101,       0.01,        0.00,       -0.02,       0.02
2026-02-06T16:15:49.617,       0.02,        0.04,       -0.00,       0.04
2026-02-06T16:15:50.134,       0.01,        0.03,        0.03,       0.04
2026-02-06T16:15:50.652,       0.02,        0.03,        0.03,       0.05
2026-02-06T16:15:51.198,       0.01,        0.02,        0.04,       0.04
2026-02-06T16:15:51.717,       0.01,        0.05,        0.09,       0.10
2026-02-06T16:15:52.235,       0.02,        0.04,        0.04,       0.06
2026-02-06T16:15:52.749,       0.01,        0.04,        0.03,       0.05
2026-02-06T16:15:53.264,       0.01,        0.03,        0.04,       0.05
2026-02-06T16:15:53.780,       0.01,        0.02,        0.06,       0.07
2026-02-06T16:15:54.283,       0.02,        0.02,        0.02,       0.04
2026-02-06T16:15:54.795,       0.01,        0.04,        0.05,       0.07
2026-02-06T16:15:55.311,       0.01,        0.03,        0.06,       0.07
2026-02-06T16:15:55.828,       0.01,        0.02,        0.06,       0.06
2026-02-06T16:15:56.346,       0.02,        0.02,        0.05,       0.05
2026-02-06T16:15:56.862,       0.01,        0.04,        0.08,       0.09
2026-02-06T16:15:57.379,       0.01,        0.02,        0.02,       0.03
2026-02-06T16:15:57.925,       0.01,        0.01,        0.02,       0.02
2026-02-06T16:15:58.443,       0.01,        0.02,        0.06,       0.07
2026-02-06T16:15:58.959,       0.02,        0.01,        0.01,       0.02
2026-02-06T16:15:59.525,       0.01,        0.03,        0.05,       0.06
2026-02-06T16:16:00.026,       0.01,        0.04,        0.06,       0.07
2026-02-06T16:16:00.542,       0.02,        0.04,        0.05,       0.07
2026-02-06T16:16:01.055,       0.02,        0.03,        0.05,       0.07
2026-02-06T16:16:01.571,      -0.00,        0.04,        0.11,       0.12
2026-02-06T16:16:02.086,       0.01,        0.04,        0.05,       0.06
2026-02-06T16:16:02.605,       0.01,        0.01,       -0.02,       0.03
2026-02-06T16:16:03.123,       0.02,        0.05,        0.06,       0.08
2026-02-06T16:16:03.669,       0.01,        0.06,        0.09,       0.11
2026-02-06T16:16:04.187,       0.01,        0.02,        0.07,       0.07
2026-02-06T16:16:04.703,       0.01,        0.03,        0.06,       0.07
2026-02-06T16:16:05.221,       0.02,        0.03,        0.02,       0.04
2026-02-06T16:16:05.767,       0.01,        0.04,        0.02,       0.04
2026-02-06T16:16:06.285,       0.01,        0.03,        0.06,       0.07
2026-02-06T16:16:06.798,       0.01,        0.05,        0.07,       0.09
2026-02-06T16:16:07.315,       0.01,        0.05,        0.07,       0.09
2026-02-06T16:16:07.868,       0.02,        0.04,        0.05,       0.06
2026-02-06T16:16:08.382,       0.01,        0.03,        0.04,       0.05
2026-02-06T16:16:08.896,       0.02,        0.03,       -0.00,       0.04
2026-02-06T16:16:09.414,       0.00,        0.03,        0.04,       0.05
2026-02-06T16:16:09.928,       0.02,        0.02,        0.09,       0.09
2026-02-06T16:16:10.448,       0.01,        0.03,        0.04,       0.06
2026-02-06T16:16:11.013,       0.02,        0.03,        0.04,       0.05
2026-02-06T16:16:11.563,       0.01,        0.02,        0.06,       0.06
2026-02-06T16:16:12.079,       0.02,        0.03,        0.06,       0.07
2026-02-06T16:16:12.592,       0.01,        0.03,        0.05,       0.06
2026-02-06T16:16:13.109,       0.01,        0.03,        0.03,       0.04
2026-02-06T16:16:13.624,       0.01,        0.02,        0.06,       0.06
2026-02-06T16:16:14.127,       0.01,        0.01,        0.02,       0.02
2026-02-06T16:16:14.640,       0.00,        0.03,        0.05,       0.06
2026-02-06T16:16:15.157,       0.01,        0.02,        0.04,       0.05
2026-02-06T16:16:15.672,       0.02,        0.04,        0.04,       0.06
2026-02-06T16:16:16.192,       0.02,        0.04,        0.04,       0.06
2026-02-06T16:16:16.709,       0.03,        0.02,        0.04,       0.05
2026-02-06T16:16:16.717,        NaN,         NaN,         NaN,        NaN
2026-02-06T16:16:16.738,        NaN,         NaN,         NaN,        NaN
